100
38 46
4 21
4 45
82 10
1 66
10 93
4 42
45 81
21 3
73 98
4 73
9 48
55 85
42 32
4 38
38 75
38 100
53 78
53 79
1 89
56 74
42 41
5 83
53 40
42 35
55 68
53 91
4 53
53 77
82 92
5 14
89 58
56 52
45 31
57 95
5 39
57 13
73 84
42 36
45 17
42 37
55 23
56 99
5 71
56 24
73 96
21 80
55 30
38 28
57 19
82 5
38 7
56 25
92 59
57 62
4 11
56 47
53 76
57 51
53 8
1 4
1 82
53 2
82 56
53 49
67 60
82 57
45 94
45 88
5 12
67 54
4 9
38 90
67 61
56 72
92 70
56 63
56 22
73 27
42 87
45 65
21 86
55 97
55 26
5 20
45 18
4 67
21 44
42 33
82 6
73 64
9 50
38 29
42 34
55 69
5 15
42 43
82 55
56 16
